000000000000000000000000000000
000000000000000000000000000000
000000000000000000000000000000
000000000000000000000000000000
000000000000000000000000000000
000000000000000000000000000000
000000000000000000000000000000
000000000000000000000000000000
000000000000000000000000000000
000000000000000000000000000000
000000000000000000000000000000
000000000000000000000000000000
000000000000000000000000000000
000000000000000000000000000000
000000000000000000000000000000
000000000000000000000000000000
000000000000000000000000000000
000000000000000000000000000000
000000000000000000000000000000
000000000000000000000000000000
000000000000000000000000000000
000000000000000000000000000000
000000000000000000000000000000
000000000000000000000000000000
000000000000000000000000000000
000000000000000000000000000000
000000000000000000000000000000
000000000000000000000000000000
000000000000000000000000000000
000000000000011110011011101001
000000000000011110011011101001
000000000000011110011011101001
000000000000011110011011101001
000000000000011110011011101001
000000100001010101001011010101
000000100001010101001011010101
000000100001010101001011010101
000000100001010101001011010101
000000100001010101001011010101
000001000011110001001001011100
000001000011110001001001011100
000001000011110001001001011100
000001000011110001001001011100
000001000011110001001001011100
000000001100100111000000100011
000000001100100111000000100011
000000001100100111000000100011
000000001100100111000000100011
000000001100100111000000100011
111111111110101000010001111010
111111111110101000010001111010
111111111110101000010001111010
111111111110101000010001111010
111111111110101000010001111010
000000000001010111101110001011
000000000001010111101110001011
000000000001010111101110001011
000000000001010111101110001011
000000000001010111101110001011
111111111110101000011000001101
111111111110101000011000001101
111111111110101000011000001101
111111111110101000011000001101
111111111110101000011000001101
000000000001010111100111111000
000000000001010111100111111000
000000000001010111100111111000
000000000001010111100111111000
000000000001010111100111111000
111111111110101000011010001100
111111111110101000011010001100
111111111110101000011010001100
111111111110101000011010001100
111111111110101000011010001100
000000000001010111101001110111
000000000001010111101001110111
000000000001010111101001110111
000000000001010111101001110111
000000000001010111101001110111
111111111110101000100001001011
111111111110101000100001001011
111111111110101000100001001011
111111111110101000100001001011
111111111110101000100001001011
000000000001010111100110111000
000000000001010111100110111000
000000000001010111100110111000
000000000001010111100110111000
000000000001010111100110111000
111111111110101000100000101111
111111111110101000100000101111
111111111110101000100000101111
111111111110101000100000101111
111111111110101000100000101111
000000000001010111100000010011
000000000001010111100000010011
000000000001010111100000010011
000000000001010111100000010011
000000000001010111100000010011
111111111110101000100110111100
111111111110101000100110111100
111111111110101000100110111100
111111111110101000100110111100
111111111110101000100110111100
000000000001010111100000110101
000000000001010111100000110101
000000000001010111100000110101
000000000001010111100000110101
000000000001010111100000110101
111111111110101000101110100110
111111111110101000101110100110
111111111110101000101110100110
111111111110101000101110100110
111111111110101000101110100110
000000000001010111011011100000
000000000001010111011011100000
000000000001010111011011100000
000000000001010111011011100000
000000000001010111011011100000
111111111110101000101111100010
111111111110101000101111100010
111111111110101000101111100010
111111111110101000101111100010
111111111110101000101111100010
000000000001010111011001010100
000000000001010111011001010100
000000000001010111011001010100
000000000001010111011001010100
000000000001010111011001010100
111111111110100101111110110000
111111111110100101111110110000
111111111110100101111110110000
111111111110100101111110110000
111111111110100101111110110000
000000000000001111110000110000
000000000000001111110000110000
000000000000001111110000110000
000000000000001111110000110000
000000000000001111110000110000
111111111101000010101101011011
111111111101000010101101011011
111111111101000010101101011011
111111111101000010101101011011
111111111101000010101101011011
000000000001001100100111010001
000000000001001100100111010001
000000000001001100100111010001
000000000001001100100111010001
000000000001001100100111010001
111111111110101000010001111010
111111111110101000010001111010
111111111110101000010001111010
111111111110101000010001111010
111111111110101000010001111010
000000000001010111101110001011
000000000001010111101110001011
000000000001010111101110001011
000000000001010111101110001011
000000000001010111101110001011
111111111110101000011000001101
