000000000000000000000000000000
000000000000000000000000000000
000000000000000000000000000000
000000000000000000000000000000
000000000000000000000000000000
000000000000000000000000000000
000000000000000000000000000000
000000000000000000000000000000
000000000000000000000000000000
000000000000000000000000000000
000000000000000000000000000000
000000000000000000000000000000
000000000000000000000000000000
000000000000000000000000000000
000000000000000000000000000000
000000000000000000000000000000
000000000000000000000000000000
000000000000000000000000000000
000000000000000000000000000000
000000000000000000000000000000
000000000000000000000000000000
000000000000000000000000000000
000000000000000000000000000000
000000000000000000000000000000
000000000000000000000000000000
000000000000000000000000000000
000000000000000000000000000000
000000000000000000000000000000
000000000000000000000000000000
000000000000010010110011101100
000000000000010010110011101100
000000000000010010110011101100
000000000000010010110011101100
000000000000010010110011101100
000001011001100110101011001001
000001011001100110101011001001
000001011001100110101011001001
000001011001100110101011001001
000001011001100110101011001001
000110100111000010100100111010
000110100111000010100100111010
000110100111000010100100111010
000110100111000010100100111010
000110100111000010100100111010
111110101011110010100111010011
111110101011110010100111010011
111110101011110010100111010011
111110101011110010100111010011
111110101011110010100111010011
000001101000010010110111101111
000001101000010010110111101111
000001101000010010110111101111
000001101000010010110111101111
000001101000010010110111101111
111110010111101100110100101111
111110010111101100110100101111
111110010111101100110100101111
111110010111101100110100101111
111110010111101100110100101111
000001101000010010110111101111
000001101000010010110111101111
000001101000010010110111101111
000001101000010010110111101111
000001101000010010110111101111
111110010111101100110100101111
111110010111101100110100101111
111110010111101100110100101111
111110010111101100110100101111
111110010111101100110100101111
000001101000010010110111101111
000001101000010010110111101111
000001101000010010110111101111
000001101000010010110111101111
000001101000010010110111101111
111110010111101100110100101111
111110010111101100110100101111
111110010111101100110100101111
111110010111101100110100101111
111110010111101100110100101111
000001101000010010110111101111
000001101000010010110111101111
000001101000010010110111101111
000001101000010010110111101111
000001101000010010110111101111
111110010111101100110100101111
111110010111101100110100101111
111110010111101100110100101111
111110010111101100110100101111
111110010111101100110100101111
000001101000010010110111101111
000001101000010010110111101111
000001101000010010110111101111
000001101000010010110111101111
000001101000010010110111101111
111110010111101100110100101111
111110010111101100110100101111
111110010111101100110100101111
111110010111101100110100101111
111110010111101100110100101111
000001101000010010110111101111
000001101000010010110111101111
000001101000010010110111101111
000001101000010010110111101111
000001101000010010110111101111
111110010111101100110100101111
111110010111101100110100101111
111110010111101100110100101111
111110010111101100110100101111
111110010111101100110100101111
000001101000010010110111101111
000001101000010010110111101111
000001101000010010110111101111
000001101000010010110111101111
000001101000010010110111101111
111110010111101100110100101111
111110010111101100110100101111
111110010111101100110100101111
111110010111101100110100101111
111110010111101100110100101111
000001101000010010110111101111
000001101000010010110111101111
000001101000010010110111101111
000001101000010010110111101111
000001101000010010110111101111
111110010111101100110100101111
111110010111101100110100101111
111110010111101100110100101111
111110010111101100110100101111
111110010111101100110100101111
000001101000000000000100000011
000001101000000000000100000011
000001101000000000000100000011
000001101000000000000100000011
000001101000000000000100000011
111100111110000110001001100110
111100111110000110001001100110
111100111110000110001001100110
111100111110000110001001100110
111100111110000110001001100110
111011000001010000010010110101
111011000001010000010010110101
111011000001010000010010110101
111011000001010000010010110101
111011000001010000010010110101
111111101011111010001101011100
111111101011111010001101011100
111111101011111010001101011100
111111101011111010001101011100
111111101011111010001101011100
000000000000000000000000000000
000000000000000000000000000000
000000000000000000000000000000
000000000000000000000000000000
000000000000000000000000000000
000000000000000000000000000000
000000000000000000000000000000
000000000000000000000000000000
000000000000000000000000000000
000000000000000000000000000000
000000000000000000000000000000
