N=50

0
0
8
8
16
15
24
22
32
29
39
35
47
41
54
46
61
51
68
54
75
57
81
59
87
60
93
60
98
59
103
57
107
54
111
51
115
46
118
41
121
35
123
29
125
22
126
15
127
8
127
0
127
-8
126
-15
125
-22
123
-29
121
-35
118
-41
115
-46
111
-51
107
-54
103
-57
98
-59
93
-60
87
-60
81
-59
75
-57
68
-54
61
-51
54
-46
47
-41
39
-35
32
-29
24
-22
16
-15
8
-8
0
0
-8
8
-16
15
-24
22
-32
29
-39
35
-47
41
-54
46
-61
51
-68
54
-75
57
-81
59
-87
60
-93
60
-98
59
-103
57
-107
54
-111
51
-115
46
-118
41
-121
35
-123
29
-125
22
-126
15
-127
8
-127
0
-127
-8
-126
-15
-125
-22
-123
-29
-121
-35
-118
-41
-115
-46
-111
-51
-107
-54
-103
-57
-98
-59
-93
-60
-87
-60
-81
-59
-75
-57
-68
-54
-61
-51
-54
-46
-47
-41
-39
-35
-32
-29
-24
-22
-16
-15
-8
-8
0
0
8
8
16
15
24
22
32
29
39
35
47
41
54
46
61
51
68
54
75
57
81
59
87
60
93
60
98
59
103
57
107
54
111
51
115
46
118
41
121
35
123
29
125
22
126
15
127
8
127
0
127
-8
126
-15
125
-22
123
-29
121
-35
118
-41
115
-46
111
-51
107
-54
103
-57
98
-59
93
-60
87
-60
81
-59
75
-57
68
-54
61
-51
54
-46
47
-41
39
-35
32
-29
24
-22
16
-15
8
-8
0
0
-8
8
-16
15
-24
22
-32
29
-39
35
-47
41
-54
46
-61
51
-68
54
-75
57
-81
59
-87
60
-93
60
-98
59
-103
57
-107
54
-111
51
-115
46
-118
41
-121
35
-123
29
-125
22
-126
15
-127
8
-127
0
-127
-8
-126
-15
-125
-22
-123
-29
-121
-35
-118
-41
-115
-46
-111
-51
-107
-54
-103
-57
-98
-59
-93
-60
-87
-60
-81
-59
-75
-57
-68
-54
-61
-51
-54
-46
-47
-41
-39
-35
-32
-29
-24
-22
-16
-15
-8
-8
0
0
8
8
16
15
24
22
32
29
39
35
47
41
54
46
61
51
68
54
75
57
81
59
87
60
93
60
98
59
103
57
107
54
111
51
115
46
118
41
121
35
123
29
125
22
126
15
127
8
127
0
127
-8
126
-15
125
-22
123
-29
121
-35
118
-41
115
-46
111
-51
107
-54
103
-57
98
-59
93
-60
87
-60
81
-59
75
-57
68
-54
61
-51
54
-46
47
-41
39
-35
32
-29
24
-22
16
-15
8
-8
0
0
-8
8
-16
15
-24
22
-32
29
-39
35
-47
41
-54
46
-61
51
-68
54
-75
57
-81
59
-87
60
-93
60
-98
59
-103
57
-107
54
-111
51
-115
46
-118
41
-121
35
-123
29
-125
22
-126
15
-127
8
-127
0
-127
-8
-126
-15
-125
-22
-123
-29
-121
-35
-118
-41
-115
-46
-111
-51
-107
-54
-103
-57
-98
-59
-93
-60
-87
-60
-81
-59
-75
-57
-68
-54
-61
-51
-54
-46
-47
-41
-39
-35
-32
-29
-24
-22
-16
-15
-8
-8
0
0
8
8
16
15
24
22
32
29
39
35
47
41
54
46
61
51
68
54
75
57
81
59
87
60
93
60
98
59
103
57
107
54
111
51
115
46
118
41
121
35
123
29
125
22
126
15
127
8
127
0
127
-8
126
-15
125
-22
123
-29
121
-35
118
-41
115
-46
111
-51
107
-54
103
-57
98
-59
93
-60
87
-60
81
-59
75
-57
68
-54
61
-51
54
-46
47
-41
39
-35
32
-29
24
-22
16
-15
8
-8
0
0
-8
8
-16
15
-24
22
-32
29
-39
35
-47
41
-54
46
-61
51
-68
54
-75
57
-81
59
-87
60
-93
60
-98
59
-103
57
-107
54
-111
51
-115
46
-118
41
-121
35
-123
29
-125
22
-126
15
-127
8
-127
0
-127
-8
-126
-15
-125
-22
-123
-29
-121
-35
-118
-41
-115
-46
-111
-51
-107
-54
-103
-57
-98
-59
-93
-60
-87
-60
-81
-59
-75
-57
-68
-54
-61
-51
-54
-46
-47
-41
-39
-35
-32
-29
-24
-22
-16
-15
-8
-8
0
0
8
8
16
15
24
22
32
29
39
35
47
41
54
46
61
51
68
54
75
57
81
59
87
60
93
60
98
59
103
57
107
54
111
51
115
46
118
41
121
35
123
29
125
22
126
15
127
8
127
0
127
-8
126
-15
125
-22
123
-29
121
-35
118
-41
115
-46
111
-51
107
-54
103
-57
98
-59
93
-60
87
-60
81
-59
75
-57
68
-54
61
-51
54
-46
47
-41
39
-35
32
-29
24
-22
16
-15
8
-8
0
0
-8
8
-16
15
-24
22
-32
29
-39
35
-47
41
-54
46
-61
51
-68
54
-75
57
-81
59
-87
60
-93
60
-98
59
-103
57
-107
54
-111
51
-115
46
-118
41
-121
35
-123
29
-125
22
-126
15
-127
8
-127
0
-127
-8
-126
-15
-125
-22
-123
-29
-121
-35
-118
-41
-115
-46
-111
-51
-107
-54
-103
-57
-98
-59
-93
-60
-87
-60
-81
-59
-75
-57
-68
-54
-61
-51
-54
-46
-47
-41
-39
-35
-32
-29
-24
-22
-16
-15
-8
-8
0
0
8
8
16
15
24
22
32
29
39
35
47
41
54
46
61
51
68
54
75
57
81
59
87
60
93
60
98
59
103
57
107
54
111
51
115
46
118
41
121
35
123
29
125
22
126
15
127
8
127
0
127
-8
126
-15
125
-22
123
-29
121
-35
118
-41
115
-46
111
-51
107
-54
103
-57
98
-59
93
-60
87
-60
81
-59
75
-57
68
-54
61
-51
54
-46
47
-41
39
-35
32
-29
24
-22
16
-15
8
-8
0
0
-8
8
-16
15
-24
22
-32
29
-39
35
-47
41
-54
46
-61
51
-68
54
-75
57
-81
59
-87
60
-93
60
-98
59
-103
57
-107
54
-111
51
-115
46
-118
41
-121
35
-123
29
-125
22
-126
15
-127
8
-127
0
-127
-8
-126
-15
-125
-22
-123
-29
-121
-35
-118
-41
-115
-46
-111
-51
-107
-54
-103
-57
-98
-59
-93
-60
-87
-60
-81
-59
-75
-57
-68
-54
-61
-51
-54
-46
-47
-41
-39
-35
-32
-29
-24
-22
-16
-15
-8
-8
0
0
8
8
16
15
24
22
32
29
39
35
47
41
54
46
61
51
68
54
75
57
81
59
87
60
93
60
98
59
103
57
107
54
111
51
115
46
118
41
121
35
123
29
125
22
126
15
127
8
127
0
127
-8
126
-15
125
-22
123
-29
121
-35
118
-41
115
-46
111
-51
107
-54
103
-57
98
-59
93
-60
87
-60
81
-59
75
-57
68
-54
61
-51
54
-46
47
-41
39
-35
32
-29
24
-22
16
-15
8
-8
0
0
-8
8
-16
15
-24
22
-32
29
-39
35
-47
41
-54
46
-61
51
-68
54
-75
57
-81
59
-87
60
-93
60
-98
59
-103
57
-107
54
-111
51
-115
46
-118
41
-121
35
-123
29
-125
22
-126
15
-127
8
-127
0
-127
-8
-126
-15
-125
-22
-123
-29
-121
-35
-118
-41
-115
-46
-111
-51
-107
-54
-103
-57
-98
-59
-93
-60
-87
-60
-81
-59
-75
-57
-68
-54
-61
-51
-54
-46
-47
-41
-39
-35
-32
-29
-24
-22
-16
-15
-8
-8
0
0
8
8
16
15
24
22
32
29
39
35
47
41
54
46
61
51
68
54
75
57
81
59
87
60
93
60
98
59
103
57
107
54
111
51
115
46
118
41
121
35
123
29
125
22
126
15
127
8
127
0
127
-8
126
-15
125
-22
123
-29
121
-35
118
-41
115
-46
111
-51
107
-54
103
-57
98
-59
93
-60
87
-60
81
-59
75
-57
68
-54
61
-51
54
-46
47
-41
39
-35
32
-29
24
-22
16
-15
8
-8
0
0
-8
8
-16
15
-24
22
-32
29
-39
35
-47
41
-54
46
-61
51
-68
54
-75
57
-81
59
-87
60
-93
60
-98
59
-103
57
-107
54
-111
51
-115
46
-118
41
-121
35
-123
29
-125
22
-126
15
-127
8
-127
0
-127
-8
-126
-15
-125
-22
-123
-29
-121
-35
-118
-41
-115
-46
-111
-51
-107
-54
-103
-57
-98
-59
-93
-60
-87
-60
-81
-59
-75
-57
-68
-54
-61
-51
-54
-46
-47
-41
-39
-35
-32
-29
-24
-22
-16
-15
-8
-8
0
0
8
8
16
15
24
22
32
29
39
35
47
41
54
46
61
51
68
54
75
57
81
59
87
60
93
60
98
59
103
57
107
54
111
51
115
46
118
41
121
35
123
29
125
22
126
15
127
8
127
0
127
-8
126
-15
125
-22
123
-29
121
-35
118
-41
115
-46
111
-51
107
-54
103
-57
98
-59
93
-60
87
-60
81
-59
75
-57
68
-54
61
-51
54
-46
47
-41
39
-35
32
-29
24
-22
16
-15
8
-8
0
0
-8
8
-16
15
-24
22
-32
29
-39
35
-47
41
-54
46
-61
51
-68
54
-75
57
-81
59
-87
60
-93
60
-98
59
-103
57
-107
54
-111
51
-115
46
-118
41
-121
35
-123
29
-125
22
-126
15
-127
8
-127
0
-127
-8
-126
-15
-125
-22
-123
-29
-121
-35
-118
-41
-115
-46
-111
-51
-107
-54
-103
-57
-98
-59
-93
-60
-87
-60
-81
-59
-75
-57
-68
-54
-61
-51
-54
-46
-47
-41
-39
-35
-32
-29
-24
-22
-16
-15
-8
-8
0
0
8
8
16
15
24
22
32
29
39
35
47
41
54
46
61
51
68
54
75
57
81
59
87
60
93
60
98
59
103
57
107
54
111
51
115
46
118
41
121
35
123
29
125
22
126
15
127
8
127
0
127
-8
126
-15
125
-22
123
-29
121
-35
118
-41
115
-46
111
-51
107
-54
103
-57
98
-59
93
-60
87
-60
81
-59
75
-57
68
-54
61
-51
54
-46
47
-41
39
-35
32
-29
24
-22
16
-15
8
-8
0
0
-8
8
-16
15
-24
22
-32
29
-39
35
-47
41
-54
46
-61
51
-68
54
-75
57
-81
59
-87
60
-93
60
-98
59
-103
57
-107
54
-111
51
-115
46
-118
41
-121
35
-123
29
-125
22
-126
15
-127
8
-127
0
-127
-8
-126
-15
-125
-22
-123
-29
-121
-35
-118
-41
-115
-46
-111
-51
-107
-54
-103
-57
-98
-59
-93
-60
-87
-60
-81
-59
-75
-57