0
0
8
0
16
0
24
0
32
0
39
0
47
0
54
0
61
0
68
0
75
0
81
0
87
0
93
0
98
0
103
0
107
0
111
0
115
0
118
0
121
0
123
0
125
0
126
0
127
0
127
0
127
0
126
0
125
0
123
0
121
0
118
0
115
0
111
0
107
0
103
0
98
0
93
0
87
0
81
0
75
0
68
0
61
0
54
0
47
0
39
0
32
0
24
0
16
0
8
0
0
0
-8
0
-16
0
-24
0
-32
0
-39
0
-47
0
-54
0
-61
0
-68
0
-75
0
-81
0
-87
0
-93
0
-98
0
-103
8
-107
15
-111
22
-115
29
-118
35
-121
41
-123
46
-125
51
-126
54
-127
57
-127
59
-127
60
-126
60
-125
59
-123
57
-121
54
-118
51
-115
46
-111
41
-107
35
-103
29
-98
22
-93
15
-87
8
-81
0
-75
-8
-68
-15
-61
-22
-54
-29
-47
-35
-39
-41
-32
-46
-24
-51
-16
-54
-8
-57
0
-59
8
-60
16
-60
24
-59
32
-57
39
-54
47
-51
54
-46
61
-41
68
-35
75
-29
81
-22
87
-15
93
-8
98
0
103
8
107
15
111
22
115
29
118
35
121
41
123
46
125
51
126
54
127
57
127
59
127
60
126
60
125
59
123
57
121
54
118
51
115
46
111
41
107
35
103
29
98
22
93
15
87
8
81
0
75
-8
68
-15
61
-22
54
-29
47
-35
39
-41
32
-46
24
-51
16
-54
8
-57
0
-59
-8
-60
-16
-60
-24
-59
-32
-57
-39
-54
-47
-51
-54
-46
-61
-41
-68
-35
-75
-29
-81
-22
-87
-15
-93
-8
-98
0
-103
8
-107
15
-111
22
-115
29
-118
35
-121
41
-123
46
-125
51
-126
54
-127
57
-127
59
-127
60
-126
60
-125
59
-123
57
-121
54
-118
51
-115
46
-111
41
-107
35
-103
29
-98
22
-93
15
-87
8
-81
0
-75
-8
-68
-15
-61
-22
-54
-29
-47
-35
-39
-41
-32
-46
-24
-51
-16
-54
-8
-57
0
-59
8
-60
16
-60
24
-59
32
-57
39
-54
47
-51
54
-46
61
-41
68
-35
75
-29
81
-22
87
-15
93
-8
98
0
103
8
107
15
111
22
115
29
118
35
121
41
123
46
125
51
126
54
127
57
127
59
127
60
126
60
125
59
123
57
121
54
118
51
115
46
111
41
107
35
103
29
98
22
93
15
87
8
81
0
75
-8
68
-15
61
-22
54
-29
47
-35
39
-41
32
-46
24
-51
16
-54
8
-57
0
-59
-8
-60
-16
-60
-24
-59
-32
-57
-39
-54
-47
-51
-54
-46
-61
-41
-68
-35
-75
-29
-81
-22
-87
-15
-93
-8
-98
0
-103
8
-107
15
-111
22
-115
29
-118
35
-121
41
-123
46
-125
51
-126
54
-127
57
-127
59
-127
60
-126
60
-125
59
-123
57
-121
54
-118
51
-115
46
-111
41
-107
35
-103
29
-98
22
-93
15
-87
8
-81
0
-75
-8
-68
-15
-61
-22
-54
-29
-47
-35
-39
-41
-32
-46
-24
-51
-16
-54
-8
-57
0
-59
8
-60
16
-60
24
-59
32
-57
39
-54
47
-51
54
-46
61
-41
68
-35
75
-29
81
-22
87
-15
93
-8
98
0
103
8
107
15
111
22
115
29
118
35
121
41
123
46
125
51
126
54
127
57
127
59
127
60
126
60
125
59
123
57
121
54
118
51
115
46
111
41
107
35
103
29
98
22
93
15
87
8
81
0
75
-8
68
-15
61
-22
54
-29
47
-35
39
-41
32
-46
24
-51
16
-54
8
-57
0
-59
-8
-60
-16
-60
-24
-59
-32
-57
-39
-54
-47
-51
-54
-46
-61
-41
-68
-35
-75
-29
-81
-22
-87
-15
-93
-8
-98
0
-103
8
-107
15
-111
22
-115
29
-118
35
-121
41
-123
46
-125
51
-126
54
-127
57
-127
59
-127
60
-126
60
-125
59
-123
57
-121
54
-118
51
-115
46
-111
41
-107
35
-103
29
-98
22
-93
15
-87
8
-81
0
-75
-8
-68
-15
-61
-22
-54
-29
-47
-35
-39
-41
-32
-46
-24
-51
-16
-54
-8
-57
0
-59
8
-60
16
-60
24
-59
32
-57
39
-54
47
-51
54
-46
61
-41
68
-35
75
-29
81
-22
87
-15
93
-8
98
0
103
8
107
15
111
22
115
29
118
35
121
41
123
46
125
51
126
54
127
57
127
59
127
60
126
60
125
59
123
57
121
54
118
51
115
46
111
41
107
35
103
29
98
22
93
15
87
8
81
0
75
-8
68
-15
61
-22
54
-29
47
-35
39
-41
32
-46
24
-51
16
-54
8
-57
0
-59
-8
-60
-16
-60
-24
-59
-32
-57
-39
-54
-47
-51
-54
-46
-61
-41
-68
-35
-75
-29
-81
-22
-87
-15
-93
-8
-98
0
-103
8
-107
15
-111
22
-115
29
-118
35
-121
41
-123
46
-125
51
-126
54
-127
57
-127
59
-127
60
-126
60
-125
59
-123
57
-121
54
-118
51
-115
46
-111
41
-107
35
-103
29
-98
22
-93
15
-87
8
-81
0
-75
-8
-68
-15
-61
-22
-54
-29
-47
-35
-39
-41
-32
-46
-24
-51
-16
-54
-8
-57
0
-59
8
-60
16
-60
24
-59
32
-57
39
-54
47
-51
54
-46
61
-41
68
-35
75
-29
81
-22
87
-15
93
-8
98
0
103
8
107
15
111
22
115
29
118
35
121
41
123
46
125
51
126
54
127
57
127
59
127
60
126
60
125
59
123
57
121
54
118
51
115
46
111
41
107
35
103
29
98
22
93
15
87
8
81
0
75
-8
68
-15
61
-22
54
-29
47
-35
39
-41
32
-46
24
-51
16
-54
8
-57
0
-59
-8
-60
-16
-60
-24
-59
-32
-57
-39
-54
-47
-51
-54
-46
-61
-41
-68
-35
-75
-29
-81
-22
-87
-15
-93
-8
-98
0
-103
8
-107
15
-111
22
-115
29
-118
35
-121
41
-123
46
-125
51
-126
54
-127
57
-127
59
-127
60
-126
60
-125
59
-123
57
-121
54
-118
51
-115
46
-111
41
-107
35
-103
29
-98
22
-93
15
-87
8
-81
0
-75
-8
-68
-15
-61
-22
-54
-29
-47
-35
-39
-41
-32
-46
-24
-51
-16
-54
-8
-57
0
-59
8
-60
16
-60
24
-59
32
-57
39
-54
47
-51
54
-46
61
-41
68
-35
75
-29
81
-22
87
-15
93
-8
98
0
103
8
107
15
111
22
115
29
118
35
121
41
123
46
125
51
126
54
127
57
127
59
127
60
126
60
125
59
123
57
121
54
118
51
115
46
111
41
107
35
103
29
98
22
93
15
87
8
81
0
75
-8
68
-15
61
-22
54
-29
47
-35
39
-41
32
-46
24
-51
16
-54
8
-57
0
-59
-8
-60
-16
-60
-24
-59
-32
-57
-39
-54
-47
-51
-54
-46
-61
-41
-68
-35
-75
-29
-81
-22
-87
-15
-93
-8
-98
0
-103
8
-107
15
-111
22
-115
29
-118
35
-121
41
-123
46
-125
51
-126
54
-127
57
-127
59
-127
60
-126
60
-125
59
-123
57
-121
54
-118
51
-115
46
-111
41
-107
35
-103
29
-98
22
-93
15
-87
8
-81
0
-75
-8
-68
-15
-61
-22
-54
-29
-47
-35
-39
-41
-32
-46
-24
-51
-16
-54
-8
-57
0
-59
8
-60
16
-60
24
-59
32
-57
39
-54
47
-51
54
-46
61
-41
68
-35
75
-29
81
-22
87
-15
93
-8
98
0
103
8
107
15
111
22
115
29
118
35
121
41
123
46
125
51
126
54
127
57
127
59
127
60
126
60
125
59
123
57
121
54
118
51
115
46
111
41
107
35
103
29
98
22
93
15
87
8
81
0
75
-8
68
-15
61
-22
54
-29
47
-35
39
-41
32
-46
24
-51
16
-54
8
-57
0
-59
-8
-60
-16
-60
-24
-59
-32
-57
-39
-54
-47
-51
-54
-46
-61
-41
-68
-35
-75
-29
-81
-22
-87
-15
-93
-8
-98
0
-103
8
-107
15
-111
22
-115
29
-118
35
-121
41
-123
46
-125
51
-126
54
-127
57
-127
59
-127
60
-126
60
-125
59
-123
57
-121
54
-118
51
-115
46
-111
41
-107
35
-103
29
-98
22
-93
15
-87
8
-81
0
-75
-8
-68
-15
-61
-22
-54
-29
-47
-35
-39
-41
-32
-46
-24
-51
-16
-54
-8
-57
0
-59
8
-60
16
-60
24
-59
32
-57
39
-54
47
-51
54
-46
61
-41
68
-35
75
-29
81
-22
87
-15
93
-8
98
0
103
8
107
15
111
22
115
29
118
35
121
41
123
46
125
51
126
54
127
57
127
59
127
60
126
60
125
59
123
57
121
54
118
51
115
46
111
41
107
35
103
29
98
22
93
15
87
8
81
0
75
-8
68
-15
61
-22
54
-29
47
-35
39
-41
32
-46
24
-51
16
-54
8
-57
0
-59
-8
-60
-16
-60
-24
-59
-32
-57
-39
-54
-47
-51
-54
-46
-61
-41
-68
-35
-75
-29
-81
-22
-87
-15
-93
-8
-98
0
-103
8
-107
15
-111
22
-115
29
-118
35
-121
41
-123
46
-125
51
-126
54
-127
57
-127
59
-127
60
-126
60
-125
59
-123
57
-121
54
-118
51
-115
46
-111
41
-107
35
-103
29
-98
22
-93
15
-87
8
-81
0
-75
-8
-68
-15
-61
-22
-54
-29
-47
-35
-39
-41
-32
-46
-24
-51
-16
-54
-8
-57
0
-59
8
-60
16
-60
24
-59
32
-57
39
-54
47
-51
54
-46
61
-41
68
-35
75
-29
81
-22
87
-15
93
-8
98
0
103
8
107
15
111
22
115
29
118
35
121
41
123
46
125
51
126
54
127
57
127
59
127
60
126
60
125
59
123
57
121
54
118
51
115
46
111
41
107
35
103
29
98
22
93
15
87
8
81
0
75
-8
68
-15
61
-22
54
-29
47
-35
39
-41
32
-46
24
-51
16
-54
8
-57
0
-59
-8
-60
-16
-60
-24
-59
-32
-57
-39
-54
-47
-51
-54
-46
-61
-41
-68
-35
-75
-29
-81
-22
-87
-15
-93
-8
-98
0
-103
8
-107
15
-111
22
-115
29
-118
35
-121
41
-123
46
-125
51
-126
54
-127
57
-127
59
-127
60
-126
60
-125
59
-123
57
-121
54
-118
51
-115
46
-111
41
-107
35
-103
29
-98
22
-93
15
-87
8
-81
0
-75
-8